10
0.0 139.201293097 361.44847489 511.047942956 310.934076614 199.96999775 226.134915482 349.206242785 438.73112495 317.327906116 
139.201293097 0.0 476.592068755 592.081920008 447.2639042 314.396246797 318.220049651 469.910629801 516.629461026 430.527583321 
361.44847489 476.592068755 0.0 214.217179516 158.823801743 396.919387282 460.682102973 32.3109888428 178.084249725 46.3249392876 
511.047942956 592.081920008 214.217179516 0.0 372.979892219 596.055366556 657.517300153 246.221445045 75.6637297521 231.700237376 
310.934076614 447.2639042 158.823801743 372.979892219 0.0 268.96096371 333.006005952 126.763559433 333.0 153.951290998 
199.96999775 314.396246797 396.919387282 596.055366556 268.96096371 0.0 64.4748012793 370.994609125 535.571657204 366.705603993 
226.134915482 318.220049651 460.682102973 657.517300153 333.006005952 64.4748012793 0.0 435.136760111 595.410782569 429.43916915 
349.206242785 469.910629801 32.3109888428 246.221445045 126.763559433 370.994609125 435.136760111 0.0 209.880918618 52.6307894678 
438.73112495 516.629461026 178.084249725 75.6637297521 333.0 535.571657204 595.410782569 209.880918618 0.0 181.603964714 
317.327906116 430.527583321 46.3249392876 231.700237376 153.951290998 366.705603993 429.43916915 52.6307894678 181.603964714 0.0 
