100
0.0 373.550532057 80.8949936646 279.635477005 337.664034212 167.299133291 285.015789036 458.14408214 179.334882273 92.3146792228 94.9210198007 243.318721022 197.0 174.751251784 258.211153903 115.316954521 221.472345904 110.217965868 113.811247247 333.911664965 81.0246875958 234.797785339 133.195345264 204.882893381 224.804359388 272.919402022 245.660334609 162.963186027 142.467540163 406.831660518 158.003164525 242.243678968 455.009890002 235.467619855 197.716969429 223.224102641 143.586211037 268.039176241 354.830945663 297.203633894 325.17072439 200.897984062 88.1022133661 219.328520717 281.810219829 278.948023832 221.846793982 138.057958843 202.566038615 207.870151777 233.032186618 440.382788038 433.093523387 234.06195761 215.615398337 251.023903244 209.344214155 202.78066969 394.275284541 160.112460477 447.320913886 344.419801986 188.31091312 145.773797371 343.739727119 174.011493873 202.970441198 109.444049633 394.143374928 120.066648158 443.649636538 319.526211757 114.612390255 301.4249492 162.864974749 275.327078218 198.579958707 280.862955906 433.970045049 212.228650281 358.521965854 189.623310803 257.856549267 185.270073136 230.633909042 150.572241798 72.9177618965 471.838955577 290.724955929 293.695420461 132.966161109 412.840162775 206.787330366 128.035151423 77.0064932327 339.178419125 285.658887486 218.155907552 239.052295534 274.728957338 
373.550532057 0.0 349.794225224 139.168962057 315.006349142 476.059870184 195.800919303 311.364737888 550.186332073 355.01267583 438.426732762 370.793743205 559.772275126 204.240054837 631.250346535 451.70122869 594.038719277 424.301779398 487.102658584 152.554908148 392.587569849 141.767415156 467.706104301 499.400640769 583.085756986 291.247317584 613.329438393 516.217977215 379.606375078 238.805360074 456.540250142 367.632969142 236.68122021 439.041000363 209.246266394 226.850170818 513.701275062 504.008928492 421.099750653 446.643034201 86.8331733844 528.337013657 450.637326461 159.765453087 542.576261921 284.787640181 527.564214101 494.772675074 361.796904354 371.033691193 466.274597206 131.015266286 463.570922298 390.385706706 459.619407771 620.60051563 576.146682712 453.894260814 399.500938672 533.10411741 436.426397002 344.071213559 187.427319247 250.379711638 464.20792755 528.866712887 385.088301562 366.979563464 182.156526098 481.501817234 212.624081421 497.426376462 386.124332308 637.150688613 416.7889154 521.095960453 490.20199918 161.046577114 479.126288154 466.717259162 343.118055485 544.463956566 159.154013459 502.737506061 595.399025864 523.086990853 417.948561428 134.714512952 423.760545591 102.04410811 418.688428309 48.2597140481 326.16713507 499.576820919 338.600059067 465.645788127 543.36819929 433.058887451 215.967590161 556.510556953 
80.8949936646 349.794225224 0.0 234.1367122 383.646973141 247.977821589 306.819164982 490.917508345 210.354462753 161.895027719 90.2108640908 307.616644543 212.492352804 175.823775412 304.474957919 101.950968607 256.222559506 191.049731745 167.35889579 344.884038483 160.440019945 224.182960994 118.004237212 285.686891544 233.976494546 318.529433491 303.402373096 235.28068344 67.3572564762 431.230796674 115.849039703 306.022874962 473.305398237 163.600122249 214.895323355 251.644590643 203.53132437 207.472889795 418.034687556 369.218092731 319.411959701 278.869144941 161.276160669 190.055255123 230.705439901 322.769267434 188.679622641 147.146185815 268.001865665 127.757582945 168.807582768 437.74079088 494.992929242 302.616919553 294.730385268 305.949342212 269.683147416 282.078003396 450.098878026 199.809909664 503.507696068 395.364388887 182.002747232 169.923512205 414.204055992 179.799888765 272.919402022 33.9705755029 408.074748055 136.821051012 458.433201241 395.809297516 48.3321838944 374.722564039 97.6370831191 218.442212038 279.460193945 292.745623366 498.046182598 292.042805082 407.982842777 259.763353843 210.641876179 265.007547062 248.338478694 204.430917427 72.9177618965 463.939651248 360.034720548 257.186702611 212.64054176 393.960657934 263.910969836 186.507372508 13.3416640641 410.221891176 233.634329669 294.333144583 265.001886786 355.443385084 
279.635477005 139.168962057 234.1367122 0.0 359.701264941 417.206184039 235.681989129 403.608721412 443.708237471 293.955778987 324.225230357 366.136586536 446.305948874 151.95394039 534.072092512 334.080828543 489.295411791 358.675340663 391.081832869 227.378539005 323.346563303 115.247559627 348.20827101 447.934146946 466.374313186 312.878570695 525.205673998 438.503135679 250.169942239 329.660431353 329.61947758 363.166628423 346.620830303 301.239107687 188.679622641 228.089894559 423.042551051 366.601963988 447.420383979 445.055052774 163.376864947 464.26285658 365.800492072 73.9797269527 406.281921823 310.161248385 397.899484795 381.082668197 342.772519319 233.362379145 329.757486647 261.841555144 507.22973099 378.223478912 424.238140671 530.136774804 488.979549675 415.234873295 445.929366604 430.850322038 492.44289009 384.974025098 133.375410027 202.054448107 475.231522523 412.625738412 362.106337973 243.741666524 281.469358901 370.842284536 324.451845425 490.368228987 262.091587045 571.808534389 285.721892756 384.022134779 439.256189484 199.699774662 518.854507545 428.108631074 389.781990348 466.309982737 23.7065391823 441.928727285 482.116168574 428.621044747 306.602348328 272.682966098 425.47032799 39.0 362.860854874 187.41664814 314.001592353 407.103181024 225.410736213 474.605099003 406.778809674 405.408436025 226.80828909 513.560123063 
337.664034212 315.006349142 383.646973141 359.701264941 0.0 309.741827979 125.876924017 138.003623141 488.575480351 252.239965113 432.58409587 130.249760077 519.039497534 237.766692369 525.101894874 452.960263158 517.653358919 294.205710346 411.300376854 163.688728995 286.555404765 245.578907889 470.856666089 308.923938859 549.18120871 65.2993108693 485.108235345 383.176199678 448.200847835 129.417927661 491.546538997 128.549601322 184.945938047 542.22688978 188.215302247 143.282936877 415.270995857 591.056680869 111.427106217 170.836178838 229.218236622 358.804960947 357.246413558 299.172191221 612.943716829 61.0327780787 559.0 470.366878086 159.25451328 488.427067227 551.993659384 261.357992034 150.096635539 155.647036592 246.351375072 497.393204618 452.859801705 249.72184526 86.8331733844 462.602421092 133.360413917 29.4278779391 247.62067765 217.248705405 166.433169771 504.718733554 177.070607386 417.004796135 167.72000477 450.911299481 191.253758133 220.621848419 431.676962554 448.457355832 481.252532461 601.985049648 301.272302079 163.477827243 164.514437056 258.042632137 30.083217913 405.097519123 358.235955761 332.613890269 546.893956814 432.611835252 410.394931743 302.37228709 148.054044187 333.352666106 268.046637733 314.006369362 136.330480818 410.173134176 371.0 170.320286519 616.202888666 212.821521468 137.568164922 334.12722128 
167.299133291 476.059870184 247.977821589 417.206184039 309.741827979 0.0 323.303263207 447.393562761 208.542561603 124.036285014 223.161376587 180.623918682 247.681246767 276.240836952 218.449078735 240.393427531 223.600089445 60.207972894 142.842570685 384.137996038 95.801878896 336.602139031 252.178508204 38.0788655293 276.87542325 259.976922053 175.641680703 78.1024967591 305.221231241 420.353422729 294.771097633 181.892825587 476.366455578 391.563532521 268.039176241 264.609145723 125.89678312 409.897548175 271.830829745 188.215302247 405.394869232 53.8237865632 100.722390758 346.161811874 411.096095822 269.118932816 336.554601811 226.152603346 152.085502268 373.353719681 381.278113718 503.181875667 345.775939013 157.028659805 79.705708704 188.265769592 145.168867186 69.2603782837 329.969695578 182.002747232 376.378798553 301.599071617 295.133867931 226.603177383 234.776489453 249.833944851 132.672529184 274.060212362 430.694787524 208.492206089 473.254688302 186.231039303 275.036361232 161.276160669 317.515353959 412.28388278 33.5410196625 338.634020736 339.436297411 69.3541635376 317.630288228 96.0208310733 398.874667032 26.9072480941 265.211236564 144.627106726 212.084888665 541.42127775 195.028203089 419.990476082 57.3846669416 504.876222455 183.657289537 129.807549857 244.165927189 228.352797224 415.781192456 105.721331812 280.508466895 107.466273779 
285.015789036 195.800919303 306.819164982 235.681989129 125.876924017 323.303263207 0.0 187.472664674 458.350302716 222.800359066 375.201279316 181.796589627 481.0 135.955875195 517.092834992 394.035531393 495.390754859 285.464533699 383.443607327 61.619802012 263.501423146 124.402572321 412.248711338 337.053408231 509.475220202 95.8801335001 486.543934296 382.49836601 364.232068879 124.426685241 421.930088996 178.717654416 170.0 452.147099958 91.9238815543 63.3482438588 398.628900106 507.878922579 226.179132548 253.692727527 109.041276588 377.043764038 334.215499341 180.9226354 536.008395457 89.0505474436 493.836005168 423.001182031 183.152941554 391.724392909 467.779862756 181.0441935 275.746260174 204.48227307 285.671139599 496.75849263 450.52080973 283.128945889 212.708721025 435.16663475 257.188646717 153.222061075 138.956827828 140.513344562 268.56098004 459.001089323 207.212451363 337.170579974 111.323851892 405.06048931 159.389460128 305.314591856 354.527855041 481.004157986 400.675679322 521.184228464 328.024389337 37.6563407675 289.364821635 294.966099747 155.769059829 408.931534612 236.38104831 349.812807084 513.343939284 413.039949642 352.11503802 220.730605037 230.262893233 207.790760141 268.882874129 204.707107839 146.372811683 388.799434156 293.482537811 270.185121722 538.543405864 254.876440653 46.6904701197 383.345796899 
458.14408214 311.364737888 490.917508345 403.608721412 138.003623141 447.393562761 187.472664674 0.0 619.545801374 379.960524265 551.980072104 268.246155611 647.602501539 323.372849819 661.402298151 571.742949235 651.037633321 428.565047572 542.332923581 176.241311843 417.172626139 304.699852314 589.956778078 446.861276013 677.321932319 192.02343607 622.447588155 519.831703535 550.567888639 74.404300951 604.424519688 266.552058705 89.1403387923 639.519350763 277.596829953 239.384627744 549.295002708 694.504859594 221.461057525 300.32315928 243.211841817 496.789693935 489.050099683 362.012430726 721.335566848 184.010869244 674.999259259 594.847879714 295.994932389 579.118295342 654.492169548 206.642202853 211.286535302 293.552380334 384.002604158 634.558901915 589.661767457 387.659644534 161.966045824 594.215449143 165.529453572 152.200525623 326.019938041 321.288032768 283.02826714 630.174578986 314.771345583 522.388744136 129.247823966 575.86804044 110.22250224 345.862689517 539.102958627 585.495516635 586.4273186 707.384619567 439.256189484 213.213508015 231.192560434 395.773925366 137.295302177 542.388237336 410.12437138 470.532676867 677.182397881 566.08833233 529.098289546 240.033331019 279.508497187 368.7560169 403.792025677 289.456387043 269.364065903 543.003683229 477.671435194 288.6000693 724.064223671 350.565257834 226.013273946 469.301608776 
179.334882273 550.186332073 210.354462753 443.708237471 488.575480351 208.542561603 458.350302716 619.545801374 0.0 240.002083324 122.6743657 370.600863464 41.2310562562 354.05225603 100.846417884 120.220630509 45.9673797382 196.939076874 77.3175271203 510.701478361 202.484567313 413.483977924 114.769333883 236.81216185 68.6002915446 427.983644547 122.065556157 136.124942608 221.923410212 576.004340261 159.624559514 370.838239668 627.17222515 266.360657756 374.994666629 395.175910197 82.6801064344 253.570503016 473.913494216 394.939235833 504.504707609 193.051806518 131.381124976 392.390112006 237.457364594 435.661565897 159.050306507 71.1125867902 333.016516107 285.616876252 240.916998155 619.427154716 550.408030465 351.727166992 287.793328623 117.345643294 105.621967412 276.421779171 526.780789323 26.9258240357 576.521465342 488.0 367.153918677 322.832774049 442.296280789 62.2012861603 321.707942084 209.745083375 569.160785719 74.4110206891 617.737808459 394.405882309 195.880065346 234.093998214 207.060377668 248.338478694 237.497368406 458.049124003 545.649154677 277.848879789 503.572239108 137.003649586 420.420028067 202.252317663 58.6941223633 64.0702739186 137.440896388 651.168948891 398.700388763 464.010775737 226.241021921 590.953466865 352.278299076 80.9938269253 218.332315519 436.05618904 242.553086973 309.782181541 411.690417668 285.511821121 
92.3146792228 355.01267583 161.895027719 293.955778987 252.239965113 124.036285014 222.800359066 379.960524265 240.002083324 0.0 184.564351921 151.029798384 267.80029873 152.800523559 294.409578649 205.153600992 274.116763442 69.2964645563 163.196200936 279.658720586 40.8533964316 214.112120161 222.35332244 154.04220201 297.699512932 189.391129676 266.129667643 163.917662258 228.53664914 336.621449109 250.22589794 150.0 388.973006776 324.013888591 151.162164578 159.702849067 175.855053951 359.934716303 262.528093735 207.460839678 289.458114414 174.201033292 111.803398875 222.281353244 374.065502285 196.596032513 312.1954516 218.288799529 110.258786498 288.055550198 324.163538974 395.339094955 340.828402572 142.270868417 140.513344562 275.544914669 229.427548477 129.096862859 303.356226242 215.281211442 356.103917417 255.970701448 171.467198029 104.651803616 253.031618578 252.479702154 111.664676599 194.699768875 334.07334524 198.761163209 381.146953287 234.923391768 203.494471669 283.211934777 253.158053397 367.560879311 145.464772368 229.455878112 341.672357676 141.0 270.702789051 191.700286906 276.383791131 149.789852794 297.284375641 190.625286885 163.917662258 431.270216917 199.361480733 295.954388378 68.9492567038 386.68462602 117.39250402 166.544288404 152.95751044 248.805144641 377.943117413 134.082064423 176.465294038 220.966060742 
94.9210198007 438.426732762 90.2108640908 324.225230357 432.58409587 223.161376587 375.201279316 551.980072104 122.6743657 184.564351921 0.0 334.762602451 122.298814385 253.779431791 220.809872968 20.591260282 168.582324103 179.449157145 100.04498988 420.144022925 162.274458865 308.058436015 38.275318418 260.447691485 144.668586777 367.821967805 228.037277654 183.447540185 103.406963015 498.50376127 71.8679344353 333.952092373 544.826577913 172.002906952 285.085951951 314.949202253 137.364478669 187.106921304 445.82619932 381.931931108 402.435087933 237.457364594 122.653984852 278.77051494 193.051806518 373.783359715 127.632284317 56.9385633819 294.001700675 171.813852759 158.398232313 520.158629651 524.309069157 323.024766852 288.804432099 228.081125918 198.406149098 275.800652646 487.878058535 116.764720699 540.668105218 439.045555723 263.410326297 234.691286587 429.521827152 90.4765162901 291.446393013 87.2009174264 482.009336009 48.2700735446 532.076122373 397.468237725 74.6860093994 317.227048027 100.124921973 190.800943394 256.702162048 367.066751423 524.00381678 282.646422231 453.272544944 202.022275999 300.672579395 231.872809963 158.145502623 131.795295819 23.0867927612 548.512534041 378.228766754 347.247750173 208.369863464 481.652364263 300.980065785 121.066097649 100.179838291 424.41489135 197.344875789 298.613462523 330.193882439 325.77599666 
243.318721022 370.793743205 307.616644543 366.136586536 130.249760077 180.623918682 181.796589627 268.246155611 370.600863464 151.029798384 334.762602451 0.0 404.476204492 216.688716827 398.001256279 355.294244254 395.426352182 173.666346769 294.531831896 241.447716908 175.308299861 255.863244723 372.060478955 178.731642414 434.839050684 92.6984358013 356.265350546 256.017577522 374.973332385 250.06399181 401.254283466 3.16227766017 307.00162866 471.208022003 178.101094887 145.784086923 292.959041506 510.295012713 111.521298414 79.0569415042 286.530975638 228.674441073 240.353905731 293.824777716 525.095229458 101.980390272 462.173127735 363.207929429 40.8044115262 428.553380572 473.780539913 358.046086419 189.80516326 25.9422435421 116.86744628 368.848207261 325.098446628 119.549153071 156.540729524 343.918595019 207.740222393 121.066097649 233.856793786 172.956641966 112.893755363 395.236637978 49.3659801888 341.400058582 272.640789318 343.517102922 308.196365975 127.34598541 352.16473418 319.538730047 402.344379854 518.356055236 171.026313765 211.206060519 191.002617783 128.316016148 137.091210513 276.523055097 356.350950609 202.704218012 429.292441117 311.081982763 314.682379551 398.963657493 59.8414572015 351.961645638 144.734239211 385.519130524 52.7730992078 290.146514713 296.920864878 110.860272415 528.969753389 83.258633186 154.951605348 209.246266394 
197.0 559.772275126 212.492352804 446.305948874 519.039497534 247.681246767 481.0 647.602501539 41.2310562562 267.80029873 122.298814385 404.476204492 0.0 369.384623394 125.674181915 113.070774296 65.2763356815 231.276890328 110.136279218 530.904887904 232.594066992 426.611064085 101.862652626 277.077606457 30.3644529014 457.088612853 156.89486926 176.867181806 211.191855904 601.003327778 139.671042095 404.520704044 650.738810891 241.611258016 394.711286892 418.387380307 122.44182292 221.183182001 509.770536614 432.588719224 519.658541737 234.138847695 164.124952399 400.412287524 201.101964187 464.388845689 124.100765509 65.3681879816 365.928954853 269.453149917 213.243991709 636.215372339 586.870513827 386.704021184 326.381678407 149.966662962 144.996551683 314.707800984 560.993761106 66.0681466366 611.464635118 520.034614233 380.927814684 342.7083308 480.210370567 36.6196668472 356.117957986 205.243757518 590.853619774 78.7464284904 640.115614557 433.866338865 188.957667217 272.712302619 190.057885919 214.149480504 277.418456488 477.862951064 582.75294937 316.764897045 535.392379475 178.218966443 422.702022706 242.639650511 35.8468966579 104.235310716 141.852035586 666.337001824 435.33205717 469.521032543 261.275716438 602.230852747 382.831555648 118.33849754 222.35332244 474.085435338 206.194083329 347.051869322 434.609019695 326.712411763 
174.751251784 204.240054837 175.823775412 151.95394039 237.766692369 276.240836952 135.955875195 323.372849819 354.05225603 152.800523559 253.779431791 216.688716827 369.384623394 0.0 429.298264613 270.739727414 396.020201505 221.634834807 286.225435627 169.070991007 188.862383761 62.4819974073 288.501299824 303.356226242 395.591961496 179.245641509 409.400781631 312.065698211 229.314194938 258.785625567 291.652190117 213.841062474 298.100654142 316.191397732 49.578221025 94.4933860119 310.697602179 372.425831542 307.514227313 294.977965279 150.525745306 327.001529048 246.9169901 78.1600921187 401.78725714 179.493732481 364.496913567 306.727892439 191.0942176 256.32011236 332.280002408 266.94006818 374.945329348 227.035239555 273.941599616 416.990407564 372.200214938 265.650145869 318.403831635 334.571367573 369.445530491 257.730479377 19.3132079158 51.2640224719 328.105166067 342.476276551 210.15470492 203.960780544 232.355331335 290.822970207 282.703024391 339.005899654 222.10357944 436.010320979 266.362534903 386.115267763 294.353528941 117.277448813 383.76034188 278.626990796 266.450745918 340.330721505 140.0571312 302.37890138 403.982672896 321.126143439 231.224998649 297.270920206 276.486889382 145.962323906 219.53131895 239.985416224 163.990853403 297.215410098 162.603812993 326.833290838 404.120031674 253.77549133 101.980390272 366.084689655 
258.211153903 631.250346535 304.474957919 534.072092512 525.101894874 218.449078735 517.092834992 661.402298151 100.846417884 294.409578649 220.809872968 398.001256279 125.674181915 429.298264613 0.0 220.492630262 60.4069532422 234.360832905 144.402216049 573.872808208 253.617822718 491.016293009 215.615398337 232.658548091 134.951843263 470.374319027 51.8652099196 142.056326857 322.117990805 626.996810199 259.94230129 399.020049622 681.105718666 365.505129923 441.878942698 454.103512429 119.507321951 346.698716467 489.035786012 402.62761952 577.377692676 179.724789609 184.491192202 477.296553518 324.394821167 478.995824616 249.128480909 171.898225703 365.855162599 386.446632797 338.362231935 688.046510056 560.711155587 375.161298644 294.613305877 38.4187454246 73.3348484692 286.148562813 548.284597632 104.809350728 593.829099994 519.02408422 444.567205268 390.938614107 446.757204754 158.685223005 349.070193514 307.858733837 628.243583334 173.046236596 674.633233691 388.960152201 295.149114856 169.144908289 307.883094697 339.036871151 237.118114028 522.919687906 552.511538341 282.931087016 535.033643802 123.044707322 511.297369444 200.569190057 108.503456166 108.226614102 232.422029937 722.471452723 412.101929139 551.071683177 257.637342014 669.187567129 392.593937803 132.098448136 310.774838106 439.960225475 329.438916948 323.686576799 470.86409929 258.118189983 
115.316954521 451.70122869 101.950968607 334.080828543 452.960263158 240.393427531 394.035531393 571.742949235 120.220630509 205.153600992 20.591260282 355.294244254 113.070774296 270.739727414 220.492630262 0.0 165.323924463 198.600100705 111.018016556 438.001141551 182.452733605 323.610877444 18.2482875909 277.281445467 132.412235084 388.135285693 232.355331335 196.328805833 101.710373119 517.619551408 54.7813836992 354.496826502 563.421689323 159.615162187 303.47652298 334.228963437 147.217526131 169.531707949 466.309982737 401.885555849 418.399330783 251.813422994 139.671042095 291.940062342 173.415685565 394.027917793 107.042047813 49.8196748283 314.542524947 166.973051718 143.003496461 536.411222851 544.797209978 343.402096674 307.675153368 231.17309532 204.921936356 294.703240566 508.469271441 118.903322073 561.257516653 459.570451618 279.594349013 253.550783868 449.547550321 78.5493475466 311.809236553 92.1954445729 500.168971449 48.7647413609 550.328083964 416.635332155 76.4852927039 327.055041239 90.9340420305 172.235304163 273.905093052 385.011688134 544.400587803 301.219189296 473.767875652 213.037555375 310.412628609 247.776108614 148.600134589 139.291062168 42.7200187266 564.030141039 398.453259492 358.699038192 227.846439516 495.613760907 321.54781915 131.74596768 113.225438838 444.387218538 177.800449943 318.24833071 349.313612675 341.493777396 
221.472345904 594.038719277 256.222559506 489.295411791 517.653358919 223.600089445 495.390754859 651.037633321 45.9673797382 274.116763442 168.582324103 395.426352182 65.2763356815 396.020201505 60.4069532422 165.323924463 0.0 223.503914955 112.058020686 549.356896744 234.770100311 456.245547923 158.420326979 246.416314395 77.4919350642 459.017428863 96.0052081921 146.15402834 266.835155105 610.68649895 201.109422952 395.979797464 662.987179363 305.655034312 414.451444683 432.047451098 102.591422643 286.393086509 494.397613263 411.810636094 546.130021149 197.266317449 162.603812993 436.940499382 265.0 467.086715718 189.002645484 115.663304466 359.706825067 329.15042154 278.097105343 659.976514734 569.245114164 374.786605951 303.136932755 87.0919054792 94.0478601564 292.837839085 550.109989002 61.4654374425 598.339368586 514.945628198 409.776768497 362.463791295 458.132077026 98.762341001 346.08236014 255.562125519 606.601186942 120.341181646 654.541824485 405.626675651 241.40008285 215.594526832 250.049995001 279.007168367 248.781028216 497.121715478 563.02753041 292.289240308 530.754180389 137.844114854 466.064373236 212.002358477 53.2353266168 85.0529246999 183.305755502 692.544583402 418.001196171 509.070722002 250.92229873 634.149036111 382.064130742 108.115678789 264.01515108 451.61488018 270.068509827 328.441775662 448.713717196 285.66063782 
110.217965868 424.301779398 191.049731745 358.675340663 294.205710346 60.207972894 285.464533699 428.565047572 196.939076874 69.2964645563 179.449157145 173.666346769 231.276890328 221.634834807 234.360832905 198.600100705 223.503914955 0.0 121.148668998 344.361728419 35.7351367704 283.270189042 212.89668856 96.0468635615 261.604663567 236.763595175 201.109422952 97.0824391947 251.406046069 392.657611667 251.007968001 173.902271406 447.001118567 341.392735717 219.617849912 223.61797781 121.066097649 365.87566194 278.820730937 205.800874634 358.022345671 106.0 67.5425791631 288.646843045 371.963707907 245.177486732 301.496268634 195.304889852 136.47344064 317.971696854 334.43085982 461.66329722 356.429516174 155.43809057 109.55363983 211.567955986 165.387423948 96.5194280961 329.971210865 170.293863659 380.19468697 291.755034232 240.052077683 173.948268172 253.805043291 224.757647256 124.919974384 219.093587309 395.834561402 176.01136327 441.20856746 218.048159818 222.144097378 214.720748881 267.464016271 370.217503638 89.0505474436 295.702553252 353.375154758 104.235310716 307.483332882 124.036285014 339.838196794 83.3846508657 255.632548788 138.520756567 164.514437056 498.41749568 205.652619726 363.159744465 30.5286750449 455.781746014 159.201130649 116.726175299 186.188076954 248.213617676 376.384112311 120.615090267 240.204079899 166.012047756 
113.811247247 487.102658584 167.35889579 391.081832869 411.300376854 142.842570685 383.443607327 542.332923581 77.3175271203 163.196200936 100.04498988 294.531831896 110.136279218 286.225435627 144.402216049 111.018016556 112.058020686 121.148668998 0.0 437.321392113 125.195846576 347.432007737 117.720006796 176.323566207 140.456398929 350.690746955 136.213068389 86.0232526704 201.246117975 499.684900712 164.760432143 294.640458865 551.460787364 270.55868125 302.643354462 320.115604118 37.6563407675 276.470613267 399.699887416 323.630962672 435.583516676 143.265487819 54.3415126768 332.962460347 272.154367961 358.403404002 195.532605977 84.5990543682 256.363023855 270.822820309 253.268632089 548.499772106 476.958069436 276.56825559 219.200821166 139.628077406 102.459748194 207.038643736 450.994456729 52.0864665724 501.343195825 411.059606383 300.911947254 250.784768278 371.467360612 107.168092266 246.028453639 178.675683852 494.604892819 68.9420046126 542.684070155 328.161545584 170.836178838 217.186555753 200.00999975 276.278844648 174.897112612 385.161005295 473.177556526 210.375854128 426.568869 102.176318196 368.647528135 143.694119573 135.635541065 37.6430604494 101.390334845 581.622729955 325.576411922 406.964371905 151.158856836 525.669097437 274.987272433 21.0237960416 171.420535526 365.492817987 277.016245011 237.901240014 336.756588651 235.357175374 
333.911664965 152.554908148 344.884038483 227.378539005 163.688728995 384.137996038 61.619802012 176.241311843 510.701478361 279.658720586 420.144022925 241.447716908 530.904887904 169.070991007 573.872808208 438.001141551 549.356896744 344.361728419 437.321392113 0.0 320.512090256 133.719856416 456.004385944 398.557398627 558.564230863 151.716841517 545.061464424 441.427230696 396.658543334 102.591422643 460.721173813 238.430283311 130.602450207 478.819381396 136.194713554 120.747670785 454.75707801 538.042749231 272.605942709 310.420682301 70.5761999544 437.937210111 389.908963734 189.67867566 569.345237971 143.558350506 533.5400641 470.702666234 244.663033579 414.855396494 497.93272638 119.47384651 311.16073017 264.877330098 347.207430796 554.907199449 508.696373095 344.744833174 247.099170375 488.488485023 284.255167059 193.038856192 165.19685227 188.247177934 320.677407998 506.743524872 268.700576851 372.699610947 63.5609943283 453.547130958 113.771701227 362.35341864 391.030689333 542.409439446 434.218838836 552.557689296 389.508664859 53.1507290637 327.006116151 356.561355169 191.041880225 468.249933262 234.23279019 410.7578362 564.2242462 468.411144189 397.212789321 159.138304628 286.681007393 193.002590656 329.109404302 151.109232014 207.932681414 444.072066223 331.645895497 323.037149566 571.454285136 316.210373011 104.235310716 444.797706829 
81.0246875958 392.587569849 160.440019945 323.346563303 286.555404765 95.801878896 263.501423146 417.172626139 202.484567313 40.8533964316 162.274458865 175.308299861 232.594066992 188.862383761 253.617822718 182.452733605 234.770100311 35.7351367704 125.195846576 320.512090256 0.0 251.023903244 198.403628999 130.751673029 262.819329578 225.499445676 225.539353551 124.201449267 223.48601746 376.075790234 232.0 174.897112612 428.967364726 316.056956892 191.230227736 200.489401216 135.366170072 345.325932997 285.043856275 219.92044016 329.218772247 140.943250991 72.1734023031 253.870045496 355.069007377 233.214493546 288.425033588 187.949461292 135.247920502 288.133649545 311.892609723 436.038989082 363.473520356 161.418710192 134.629120178 234.797785339 188.732615093 121.840059094 331.158572288 177.045191971 382.952999727 287.680378198 206.8671071 143.055933117 267.346217478 220.510770712 129.799845917 190.339170955 374.721229716 168.25278601 421.549522595 239.140126286 195.440528039 249.110417285 242.853865524 351.135301558 123.259888041 270.223981171 362.349279011 131.605471011 302.927384038 152.26949793 304.310696493 119.03780912 260.509116923 150.615404259 144.31216165 471.755233145 216.00462958 328.66091949 52.2015325446 425.574905275 150.26643005 126.775391934 154.353490404 262.337568793 359.254784241 138.220837792 217.248705405 200.422054675 
234.797785339 141.767415156 224.182960994 115.247559627 245.578907889 336.602139031 124.402572321 304.699852314 413.483977924 214.112120161 308.058436015 255.863244723 426.611064085 62.4819974073 491.016293009 323.610877444 456.245547923 283.270189042 347.432007737 133.719856416 251.023903244 0.0 340.800528169 362.095291325 451.78424054 197.668915108 471.806104242 374.476968584 268.464150307 233.807613221 338.119801254 252.792404949 263.696795582 346.446244026 78.4474346298 113.635381814 372.758635044 407.0737034 332.416906911 334.861165261 95.2575456329 388.105655718 309.231305013 57.3846669416 440.282863623 194.920496613 411.059606383 362.769899523 237.227738682 281.602556807 367.164813129 213.600093633 392.173431023 270.601182555 328.006097504 479.292186458 434.609019695 320.789650706 331.308013788 394.910116356 378.790179387 270.186972299 46.5295604965 110.0 362.310640197 398.027637231 258.652276232 248.0 196.094365039 347.864916311 245.081619058 382.283925898 267.016853401 497.104616756 306.471858414 422.238084497 352.981585922 91.9673855233 403.633497123 333.779867577 275.601161101 402.731920761 112.712022429 363.022037899 461.703367976 382.79237192 286.204472362 240.470372395 314.192616081 96.1301201497 279.460193945 178.238604124 205.204775773 359.022283431 211.603402619 362.088387 442.068999139 304.844222514 111.570605448 422.62276323 
133.195345264 467.706104301 118.004237212 348.20827101 470.856666089 252.178508204 412.248711338 589.956778078 114.769333883 222.35332244 38.275318418 372.060478955 101.862652626 288.501299824 215.615398337 18.2482875909 158.420326979 212.89668856 117.720006796 456.004385944 198.403628999 340.800528169 0.0 288.50649906 118.431414751 406.096047752 231.48218074 203.730213763 109.480591887 535.859123278 48.0416485979 371.32330926 581.591781235 156.051273625 321.622449465 352.476949601 152.236657872 159.154013459 482.868512123 417.220565169 435.725831229 260.416973333 151.726728034 308.016233338 159.455322896 412.044900466 90.1387818866 43.965895874 331.360830516 170.906407136 135.959552809 553.832104523 561.359955822 359.672072866 321.386060681 229.211692546 206.242575624 308.47528264 525.709045005 117.54573578 578.402109263 477.212740819 297.06901555 271.773803005 465.001075268 65.8559033041 328.054873459 104.847508316 518.247045336 50.2493781056 568.425896666 430.673890548 87.6184911991 330.871576295 92.3579991122 160.262285021 285.567855334 403.044662538 560.675485464 314.534576796 491.4804167 218.508581067 324.50731887 258.042632137 136.619910701 142.284925414 60.8769250209 581.123911055 414.335612759 373.751254178 242.546902681 511.96288928 339.045719631 137.767920794 129.757466067 459.740143994 164.012194669 333.084073471 367.555437995 351.318943412 
204.882893381 499.400640769 285.686891544 447.934146946 308.923938859 38.0788655293 337.053408231 446.861276013 236.81216185 154.04220201 260.447691485 178.731642414 277.077606457 303.356226242 232.658548091 277.281445467 246.416314395 96.0468635615 176.323566207 398.557398627 130.751673029 362.095291325 288.50649906 0.0 305.407923931 265.228203628 185.310550158 101.242283657 343.292877875 425.973003839 331.843336531 180.579622328 482.643760967 429.460126205 290.222328569 281.517317407 154.673850408 446.804207679 257.701377567 170.15581095 425.399811942 53.3385414124 137.80058055 375.800478978 446.848967773 274.606991899 371.431016475 260.601227933 157.543644746 411.350215753 418.742164106 518.02895672 328.105166067 153.310143174 64.1950153828 198.841645537 160.162417564 59.2030404625 319.001567394 211.00947846 362.415507394 297.321374946 322.530618702 252.659850392 214.182165457 282.285316657 135.085158326 312.065698211 441.171168596 243.559027753 481.414582247 159.210552414 313.11499485 144.222051019 355.440571685 448.758286832 9.21954445729 355.832825917 319.907799217 52.1536192416 313.229947483 110.679718106 430.40562264 34.6698716467 291.528729288 172.884354411 249.899979992 557.218987473 181.13530854 448.5732939 85.094065598 525.769911653 192.509740013 161.245154966 281.575922266 207.424685127 451.592736877 96.6902270139 296.649624979 70.0071424927 
224.804359388 583.085756986 233.976494546 466.374313186 549.18120871 276.87542325 509.475220202 677.321932319 68.6002915446 297.699512932 144.668586777 434.839050684 30.3644529014 395.591961496 134.951843263 132.412235084 77.4919350642 261.604663567 140.456398929 558.564230863 262.819329578 451.78424054 118.431414751 305.407923931 0.0 487.056464899 173.349358234 204.606940254 225.219892549 630.038887689 148.922798792 434.885042281 679.35631299 243.823706805 422.40383521 447.090594846 151.162164578 215.378736183 540.014814612 462.455403255 545.473189075 261.038311364 194.486503388 423.395795917 190.0 494.292423571 117.47765745 89.0224690738 396.285250798 278.641346537 213.018778515 662.531508685 617.032414059 417.020383195 355.877788012 164.560019446 166.739317499 344.326879578 591.354377679 94.8736001214 641.798254906 550.33262669 406.49231235 370.563085048 510.0 54.2309874518 386.463452347 223.277853806 618.942646778 105.076162853 668.384619811 462.897396839 205.876176378 292.154068943 200.00999975 206.072802669 306.080054888 505.455240353 612.784627745 346.101141287 565.672166542 203.823453018 442.688377982 270.835743579 27.0739727414 132.638606748 165.722659887 691.974710521 465.446022649 491.043786235 291.563029206 626.258732474 413.020580601 148.060798323 244.624201583 503.834298158 195.002564086 377.005305002 463.211614708 352.932004783 
272.919402022 291.247317584 318.529433491 312.878570695 65.2993108693 259.976922053 95.8801335001 192.02343607 427.983644547 189.391129676 367.821967805 92.6984358013 457.088612853 179.245641509 470.374319027 388.135285693 459.017428863 236.763595175 350.690746955 151.716841517 225.499445676 197.668915108 406.096047752 265.228203628 487.056464899 0.0 433.102759169 329.508725226 383.400573813 160.850862603 426.279251196 89.9388681272 217.423549782 477.830513885 130.648383075 86.4060183089 357.314987091 525.984790655 135.203550249 158.760826402 204.707107839 311.68092659 297.168302482 246.981780705 547.65317492 9.43398113206 493.952426859 406.773892968 108.268185539 425.230525715 487.028746585 266.120273561 196.400101833 117.923704148 206.700266086 444.792086261 399.361991181 207.183493551 139.269522868 402.448754502 191.03141103 79.3095202356 191.426225998 153.574086356 172.985548529 441.480463894 130.146071781 351.978692537 179.961106909 387.439027461 216.780995477 210.660864899 366.492837583 408.541307581 416.158623604 536.792324833 256.813161656 130.541181242 206.584123301 217.46264047 90.1387818866 353.179840874 308.326126042 284.675253579 485.906369582 374.065502285 345.508321173 307.234438174 135.085158326 291.046388055 212.89668856 300.10664771 77.7817459305 351.001424499 305.949342212 174.416168975 550.921046975 173.623155138 86.1220064792 301.444853995 
245.660334609 613.329438393 303.402373096 525.205673998 485.108235345 175.641680703 486.543934296 622.447588155 122.065556157 266.129667643 228.037277654 356.265350546 156.89486926 409.400781631 51.8652099196 232.355331335 96.0052081921 201.109422952 136.213068389 545.061464424 225.539353551 471.806104242 231.48218074 185.310550158 173.349358234 433.102759169 0.0 104.355162786 331.436268384 591.92651571 278.603661139 357.526222814 647.012364642 386.51261299 416.635332155 424.41489135 102.176318196 375.587539729 442.901794984 355.394147391 554.170551365 131.973482185 162.742127306 463.915940662 357.896633122 442.00113122 280.194575251 187.949461292 326.496554346 399.040098236 362.398951433 661.454457994 513.089660781 332.487593754 248.58197843 13.9283882772 37.2021504755 241.074677227 503.438178926 113.951744173 547.668695472 477.212740819 425.903744994 367.299605227 398.509723846 184.219977201 308.110369835 312.424390853 596.915404392 183.600108932 641.950153828 339.28159396 302.332598309 120.415945788 322.902462053 369.956754229 190.591185525 495.512865625 504.219198365 236.685445264 493.243347649 80.062475605 503.190818676 155.02902954 149.053681605 98.9797959182 234.882949573 697.292621501 366.150242387 538.815367264 220.755520882 648.914478186 355.584026638 118.406080925 307.631272793 391.643970974 362.993112882 279.028672362 441.07255639 206.613165118 
162.963186027 516.217977215 235.28068344 438.503135679 383.176199678 78.1024967591 382.49836601 519.831703535 136.124942608 163.917662258 183.447540185 256.017577522 176.867181806 312.065698211 142.056326857 196.328805833 146.15402834 97.0824391947 86.0232526704 441.427230696 124.201449267 374.476968584 203.730213763 101.242283657 204.606940254 329.508725226 104.355162786 0.0 280.178514522 487.763262249 250.539418056 257.0 542.720001474 355.282985801 315.069833529 320.68988135 55.8032257132 362.441719453 349.914275216 265.956763403 453.282472637 58.5234995536 75.0266619276 372.633868563 356.880932525 338.303118519 279.250783347 169.094648053 223.986606742 350.241345361 339.064890545 558.501566694 423.760545591 233.482333379 157.165517847 115.446957517 69.8713102783 147.258276508 407.592934188 111.018016556 454.406205944 377.001326258 329.539072039 267.239592875 312.032049636 185.64751547 207.021737989 253.663162481 492.668245374 154.728794993 537.596502965 260.111514547 249.20072231 139.46325681 283.386661648 361.930932638 102.883429181 392.500955413 417.110297164 146.184814533 393.005089026 28.2842712475 417.766681295 66.5732679084 190.286625909 72.8628849278 180.0 594.939492722 273.130005675 447.91517054 116.709039924 549.749033651 251.813422994 66.7083203206 235.722294236 305.491407408 361.809342057 183.763434883 337.284746172 151.726728034 
142.467540163 379.606375078 67.3572564762 250.169942239 448.200847835 305.221231241 364.232068879 550.567888639 221.923410212 228.53664914 103.406963015 374.973332385 211.191855904 229.314194938 322.117990805 101.710373119 266.835155105 251.406046069 201.246117975 396.658543334 223.48601746 268.464150307 109.480591887 343.292877875 225.219892549 383.400573813 331.436268384 280.178514522 0.0 487.947743104 80.062475605 373.375146468 526.787433411 96.2600644089 273.0 312.605182299 238.901653406 144.027775099 485.324633622 435.996559619 362.608604421 329.734741876 210.686971595 224.223103181 172.696265159 387.180836303 148.192442452 151.172087371 335.335652742 70.0642562224 104.235310716 480.14997657 562.150335764 369.802650072 358.079600089 331.28235691 301.532751123 345.231806182 516.519118717 219.41968918 569.899113879 461.009761285 231.464900147 232.071109792 481.273311124 174.828487381 339.908811301 33.8378486314 460.219512841 149.402141886 510.343021898 461.235297869 31.0 417.432629295 38.0525951809 156.95222203 337.853518555 346.174811331 565.350333864 354.527855041 473.257857832 301.496268634 226.735528755 319.330549744 245.4159734 234.795655837 100.498756211 502.526616211 427.200187266 280.371182542 275.392447246 426.244061542 330.953168893 222.10357944 78.5175139698 477.205406508 174.888535931 359.706825067 324.839960596 412.069168951 
