20
0 56 66 28 38 68 67 85 28 34 72 76 55 47 28 38 32 62 99 65 
56 0 22 33 29 21 32 31 29 57 48 24 13 67 49 33 26 69 60 51 
66 22 0 38 29 40 11 21 38 54 28 39 12 60 48 31 33 57 39 34 
28 33 38 0 10 49 39 57 7 26 46 56 27 39 17 12 7 47 71 41 
38 29 29 10 0 49 29 50 15 27 36 53 21 38 20 4 11 42 61 32 
68 21 40 49 49 0 51 40 44 76 68 10 34 87 67 53 42 90 76 72 
67 32 11 39 29 51 0 28 41 49 17 50 20 53 45 29 36 47 33 23 
85 31 21 57 50 40 28 0 56 75 43 34 29 81 69 52 52 76 37 52 
28 29 38 7 15 44 41 56 0 33 51 51 27 46 24 18 5 55 74 47 
34 57 54 26 27 76 49 75 33 0 47 81 48 14 9 24 33 28 76 36 
72 48 28 46 36 68 17 43 51 47 0 68 35 45 46 34 46 36 30 11 
76 24 39 56 53 10 50 34 51 81 68 0 35 91 72 57 48 93 71 72 
55 13 12 27 21 34 20 29 27 48 35 35 0 56 41 24 22 57 51 38 
47 67 60 39 38 87 53 81 46 14 45 91 56 0 23 34 46 16 75 34 
28 49 48 17 20 67 45 69 24 9 46 72 41 23 0 17 24 34 75 37 
38 33 31 12 4 53 29 52 18 24 34 57 24 34 17 0 14 38 61 29 
32 26 33 7 11 42 36 52 5 33 46 48 22 46 24 14 0 53 69 43 
62 69 57 47 42 90 47 76 55 28 36 93 57 16 34 38 53 0 64 25 
99 60 39 71 61 76 33 37 74 76 30 71 51 75 75 61 69 64 0 41 
65 51 34 41 32 72 23 52 47 36 11 72 38 34 37 29 43 25 41 0 
